[4,1,0]
0,0,1,-1|cdcdcd,,,,||uid://bofu7poasaawc
[3,1,0]
1,0,1,0|cdcdcd,,,,||uid://dencfvhkxauyf
[2,1,0]
1,0,1,0|cdcdcd,,,,||uid://c520iy7jav2lp
[1,1,0]
1,1,0,0|cdcdcd,,,,||uid://cr6cxbkxegmqj
[1,2,0]
0,-1,0,1|cdcdcd,,,,||uid://d2nopxjla5c36
[1,3,0]
0,-1,0,-1|cdcdcd,,,,||uid://d2nopxjla5c36
[1,4,0]
0,-1,0,-1|cdcdcd,,,,||uid://d2nopxjla5c36
[1,5,0]
1,1,1,-1|cdcdcd,,,,||uid://d2nopxjla5c36
[4,0,0]
0,-1,0,0|cdcdcd,,,,||uid://bofu7poasaawc
[0,4,0]
0,1,0,0|747474,,,,||
[0,5,0]
1,0,0,1|747474,,,,||uid://cds6gq4ppdaej
[2,5,0]
-1,0,1,0|747474,,,,||uid://cam3t0an4u4pu
[3,5,0]
1,0,-1,0|747474,,,,||uid://cam3t0an4u4pu
[2,9,0]
-1,0,1,0|747474,,,,||
[2,6,0]
0,0,1,0|747474,,,,|0|
[0,7,0]
1,0,0,0|747474,,,,||
[0,8,0]
1,0,0,0|747474,,,,||
[1,6,0]
1,-1,0,1|747474,,,,||
[1,7,0]
0,-1,1,-1|747474,,,,||
[1,8,0]
0,-1,1,-1|747474,,,,||
[1,9,0]
1,-1,0,-1|747474,,,,||
[1,10,0]
0,0,0,-1|747474,,,,||
[5,5,0]
0,0,1,0|747474,,,,|0|uid://4u73ba13qt21
[4,6,0]
0,-1,0,1|747474,,,,||
[4,7,0]
0,-1,0,-1|747474,,,,||
[4,8,0]
0,-1,0,-1|747474,,,,||
[4,9,0]
0,0,1,-1|747474,,,,||
[3,9,0]
1,0,-1,0|747474,,,,||
[4,5,0]
1,1,1,0|747474,,,,||uid://cv3imbanq1qmc
